A = [ -2.24	  -1.00	  -0.53  	 -2.10	  -0.95	  -0.80  	 -1.70	  -0.95	  -0.63  	 -1.81	  -1.00	  -0.34  
 -1.81	  -1.00	  -0.34  	 -1.70	  -0.95	  -0.63  	 -1.29	  -0.95	  -0.49  	 -1.37	  -1.00	  -0.19  
 -1.37	  -1.00	  -0.19  	 -1.29	  -0.95	  -0.49  	 -0.87	  -0.95	  -0.39  	 -0.92	  -1.00	  -0.09  
 -0.92	  -1.00	  -0.09  	 -0.87	  -0.95	  -0.39  	 -0.43	  -0.95	  -0.33  	 -0.46	  -1.00	  -0.02  
 -0.46	  -1.00	  -0.02  	 -0.43	  -0.95	  -0.33  	  0.00	  -0.95	  -0.31  	  0.00	  -1.00	   0.00  
  0.00	  -1.00	   0.00  	  0.00	  -0.95	  -0.31  	  0.43	  -0.95	  -0.33  	  0.46	  -1.00	  -0.02  
  0.46	  -1.00	  -0.02  	  0.43	  -0.95	  -0.33  	  0.87	  -0.95	  -0.39  	  0.92	  -1.00	  -0.09  
  0.92	  -1.00	  -0.09  	  0.87	  -0.95	  -0.39  	  1.29	  -0.95	  -0.49  	  1.37	  -1.00	  -0.19  
  1.37	  -1.00	  -0.19  	  1.29	  -0.95	  -0.49  	  1.70	  -0.95	  -0.63  	  1.81	  -1.00	  -0.34  
  1.81	  -1.00	  -0.34  	  1.70	  -0.95	  -0.63  	  2.10	  -0.95	  -0.80  	  2.24	  -1.00	  -0.53  
 -2.10	  -0.95	  -0.80  	 -1.97	  -0.81	  -1.05  	 -1.60	  -0.81	  -0.89  	 -1.70	  -0.95	  -0.63  
 -1.70	  -0.95	  -0.63  	 -1.60	  -0.81	  -0.89  	 -1.21	  -0.81	  -0.76  	 -1.29	  -0.95	  -0.49  
 -1.29	  -0.95	  -0.49  	 -1.21	  -0.81	  -0.76  	 -0.81	  -0.81	  -0.66  	 -0.87	  -0.95	  -0.39  
 -0.87	  -0.95	  -0.39  	 -0.81	  -0.81	  -0.66  	 -0.41	  -0.81	  -0.61  	 -0.43	  -0.95	  -0.33  
 -0.43	  -0.95	  -0.33  	 -0.41	  -0.81	  -0.61  	  0.00	  -0.81	  -0.59  	  0.00	  -0.95	  -0.31  
  0.00	  -0.95	  -0.31  	  0.00	  -0.81	  -0.59  	  0.41	  -0.81	  -0.61  	  0.43	  -0.95	  -0.33  
  0.43	  -0.95	  -0.33  	  0.41	  -0.81	  -0.61  	  0.81	  -0.81	  -0.66  	  0.87	  -0.95	  -0.39  
  0.87	  -0.95	  -0.39  	  0.81	  -0.81	  -0.66  	  1.21	  -0.81	  -0.76  	  1.29	  -0.95	  -0.49  
  1.29	  -0.95	  -0.49  	  1.21	  -0.81	  -0.76  	  1.60	  -0.81	  -0.89  	  1.70	  -0.95	  -0.63  
  1.70	  -0.95	  -0.63  	  1.60	  -0.81	  -0.89  	  1.97	  -0.81	  -1.05  	  2.10	  -0.95	  -0.80  
 -1.97	  -0.81	  -1.05  	 -1.87	  -0.59	  -1.25  	 -1.52	  -0.59	  -1.09  	 -1.60	  -0.81	  -0.89  
 -1.60	  -0.81	  -0.89  	 -1.52	  -0.59	  -1.09  	 -1.15	  -0.59	  -0.97  	 -1.21	  -0.81	  -0.76  
 -1.21	  -0.81	  -0.76  	 -1.15	  -0.59	  -0.97  	 -0.77	  -0.59	  -0.88  	 -0.81	  -0.81	  -0.66  
 -0.81	  -0.81	  -0.66  	 -0.77	  -0.59	  -0.88  	 -0.39	  -0.59	  -0.83  	 -0.41	  -0.81	  -0.61  
 -0.41	  -0.81	  -0.61  	 -0.39	  -0.59	  -0.83  	  0.00	  -0.59	  -0.81  	  0.00	  -0.81	  -0.59  
  0.00	  -0.81	  -0.59  	  0.00	  -0.59	  -0.81  	  0.39	  -0.59	  -0.83  	  0.41	  -0.81	  -0.61  
  0.41	  -0.81	  -0.61  	  0.39	  -0.59	  -0.83  	  0.77	  -0.59	  -0.88  	  0.81	  -0.81	  -0.66  
  0.81	  -0.81	  -0.66  	  0.77	  -0.59	  -0.88  	  1.15	  -0.59	  -0.97  	  1.21	  -0.81	  -0.76  
  1.21	  -0.81	  -0.76  	  1.15	  -0.59	  -0.97  	  1.52	  -0.59	  -1.09  	  1.60	  -0.81	  -0.89  
  1.60	  -0.81	  -0.89  	  1.52	  -0.59	  -1.09  	  1.87	  -0.59	  -1.25  	  1.97	  -0.81	  -1.05  
 -1.87	  -0.59	  -1.25  	 -1.81	  -0.31	  -1.38  	 -1.47	  -0.31	  -1.23  	 -1.52	  -0.59	  -1.09  
 -1.52	  -0.59	  -1.09  	 -1.47	  -0.31	  -1.23  	 -1.11	  -0.31	  -1.11  	 -1.15	  -0.59	  -0.97  
 -1.15	  -0.59	  -0.97  	 -1.11	  -0.31	  -1.11  	 -0.75	  -0.31	  -1.02  	 -0.77	  -0.59	  -0.88  
 -0.77	  -0.59	  -0.88  	 -0.75	  -0.31	  -1.02  	 -0.37	  -0.31	  -0.97  	 -0.39	  -0.59	  -0.83  
 -0.39	  -0.59	  -0.83  	 -0.37	  -0.31	  -0.97  	  0.00	  -0.31	  -0.95  	  0.00	  -0.59	  -0.81  
  0.00	  -0.59	  -0.81  	  0.00	  -0.31	  -0.95  	  0.37	  -0.31	  -0.97  	  0.39	  -0.59	  -0.83  
  0.39	  -0.59	  -0.83  	  0.37	  -0.31	  -0.97  	  0.75	  -0.31	  -1.02  	  0.77	  -0.59	  -0.88  
  0.77	  -0.59	  -0.88  	  0.75	  -0.31	  -1.02  	  1.11	  -0.31	  -1.11  	  1.15	  -0.59	  -0.97  
  1.15	  -0.59	  -0.97  	  1.11	  -0.31	  -1.11  	  1.47	  -0.31	  -1.23  	  1.52	  -0.59	  -1.09  
  1.52	  -0.59	  -1.09  	  1.47	  -0.31	  -1.23  	  1.81	  -0.31	  -1.38  	  1.87	  -0.59	  -1.25  
 -1.81	  -0.31	  -1.38  	 -1.79	   0.00	  -1.42  	 -1.45	   0.00	  -1.27  	 -1.47	  -0.31	  -1.23  
 -1.47	  -0.31	  -1.23  	 -1.45	   0.00	  -1.27  	 -1.10	   0.00	  -1.15  	 -1.11	  -0.31	  -1.11  
 -1.11	  -0.31	  -1.11  	 -1.10	   0.00	  -1.15  	 -0.74	   0.00	  -1.07  	 -0.75	  -0.31	  -1.02  
 -0.75	  -0.31	  -1.02  	 -0.74	   0.00	  -1.07  	 -0.37	   0.00	  -1.02  	 -0.37	  -0.31	  -0.97  
 -0.37	  -0.31	  -0.97  	 -0.37	   0.00	  -1.02  	  0.00	   0.00	  -1.00  	  0.00	  -0.31	  -0.95  
  0.00	  -0.31	  -0.95  	  0.00	   0.00	  -1.00  	  0.37	   0.00	  -1.02  	  0.37	  -0.31	  -0.97  
  0.37	  -0.31	  -0.97  	  0.37	   0.00	  -1.02  	  0.74	   0.00	  -1.07  	  0.75	  -0.31	  -1.02  
  0.75	  -0.31	  -1.02  	  0.74	   0.00	  -1.07  	  1.10	   0.00	  -1.15  	  1.11	  -0.31	  -1.11  
  1.11	  -0.31	  -1.11  	  1.10	   0.00	  -1.15  	  1.45	   0.00	  -1.27  	  1.47	  -0.31	  -1.23  
  1.47	  -0.31	  -1.23  	  1.45	   0.00	  -1.27  	  1.79	   0.00	  -1.42  	  1.81	  -0.31	  -1.38  
 -1.79	   0.00	  -1.42  	 -1.81	   0.31	  -1.38  	 -1.47	   0.31	  -1.23  	 -1.45	   0.00	  -1.27  
 -1.45	   0.00	  -1.27  	 -1.47	   0.31	  -1.23  	 -1.11	   0.31	  -1.11  	 -1.10	   0.00	  -1.15  
 -1.10	   0.00	  -1.15  	 -1.11	   0.31	  -1.11  	 -0.75	   0.31	  -1.02  	 -0.74	   0.00	  -1.07  
 -0.74	   0.00	  -1.07  	 -0.75	   0.31	  -1.02  	 -0.37	   0.31	  -0.97  	 -0.37	   0.00	  -1.02  
 -0.37	   0.00	  -1.02  	 -0.37	   0.31	  -0.97  	  0.00	   0.31	  -0.95  	  0.00	   0.00	  -1.00  
  0.00	   0.00	  -1.00  	  0.00	   0.31	  -0.95  	  0.37	   0.31	  -0.97  	  0.37	   0.00	  -1.02  
  0.37	   0.00	  -1.02  	  0.37	   0.31	  -0.97  	  0.75	   0.31	  -1.02  	  0.74	   0.00	  -1.07  
  0.74	   0.00	  -1.07  	  0.75	   0.31	  -1.02  	  1.11	   0.31	  -1.11  	  1.10	   0.00	  -1.15  
  1.10	   0.00	  -1.15  	  1.11	   0.31	  -1.11  	  1.47	   0.31	  -1.23  	  1.45	   0.00	  -1.27  
  1.45	   0.00	  -1.27  	  1.47	   0.31	  -1.23  	  1.81	   0.31	  -1.38  	  1.79	   0.00	  -1.42  
 -1.81	   0.31	  -1.38  	 -1.87	   0.59	  -1.25  	 -1.52	   0.59	  -1.09  	 -1.47	   0.31	  -1.23  
 -1.47	   0.31	  -1.23  	 -1.52	   0.59	  -1.09  	 -1.15	   0.59	  -0.97  	 -1.11	   0.31	  -1.11  
 -1.11	   0.31	  -1.11  	 -1.15	   0.59	  -0.97  	 -0.77	   0.59	  -0.88  	 -0.75	   0.31	  -1.02  
 -0.75	   0.31	  -1.02  	 -0.77	   0.59	  -0.88  	 -0.39	   0.59	  -0.83  	 -0.37	   0.31	  -0.97  
 -0.37	   0.31	  -0.97  	 -0.39	   0.59	  -0.83  	  0.00	   0.59	  -0.81  	  0.00	   0.31	  -0.95  
  0.00	   0.31	  -0.95  	  0.00	   0.59	  -0.81  	  0.39	   0.59	  -0.83  	  0.37	   0.31	  -0.97  
  0.37	   0.31	  -0.97  	  0.39	   0.59	  -0.83  	  0.77	   0.59	  -0.88  	  0.75	   0.31	  -1.02  
  0.75	   0.31	  -1.02  	  0.77	   0.59	  -0.88  	  1.15	   0.59	  -0.97  	  1.11	   0.31	  -1.11  
  1.11	   0.31	  -1.11  	  1.15	   0.59	  -0.97  	  1.52	   0.59	  -1.09  	  1.47	   0.31	  -1.23  
  1.47	   0.31	  -1.23  	  1.52	   0.59	  -1.09  	  1.87	   0.59	  -1.25  	  1.81	   0.31	  -1.38  
 -1.87	   0.59	  -1.25  	 -1.97	   0.81	  -1.05  	 -1.60	   0.81	  -0.89  	 -1.52	   0.59	  -1.09  
 -1.52	   0.59	  -1.09  	 -1.60	   0.81	  -0.89  	 -1.21	   0.81	  -0.76  	 -1.15	   0.59	  -0.97  
 -1.15	   0.59	  -0.97  	 -1.21	   0.81	  -0.76  	 -0.81	   0.81	  -0.66  	 -0.77	   0.59	  -0.88  
 -0.77	   0.59	  -0.88  	 -0.81	   0.81	  -0.66  	 -0.41	   0.81	  -0.61  	 -0.39	   0.59	  -0.83  
 -0.39	   0.59	  -0.83  	 -0.41	   0.81	  -0.61  	  0.00	   0.81	  -0.59  	  0.00	   0.59	  -0.81  
  0.00	   0.59	  -0.81  	  0.00	   0.81	  -0.59  	  0.41	   0.81	  -0.61  	  0.39	   0.59	  -0.83  
  0.39	   0.59	  -0.83  	  0.41	   0.81	  -0.61  	  0.81	   0.81	  -0.66  	  0.77	   0.59	  -0.88  
  0.77	   0.59	  -0.88  	  0.81	   0.81	  -0.66  	  1.21	   0.81	  -0.76  	  1.15	   0.59	  -0.97  
  1.15	   0.59	  -0.97  	  1.21	   0.81	  -0.76  	  1.60	   0.81	  -0.89  	  1.52	   0.59	  -1.09  
